48.7187
287.33
49.5581
49.0488
48.9599
49.0016
3199.14
49.2685
199.158
48.1132
46.2802
52.2119
46.3948
49.3901
7359.04
48.2161
3351.85
6070.12
44.6126
46.548
46.8206
4297.78
47.5128
280.051
48.5144
47.5804
46.196
45.7315
28282.9
2408.53
46.5061
799.742
46.2236
2029.16
44.7034
44.8012
52.9088
4709.55
3551.62
140.389
4137.41
1941.93
47.8607
6534.43
4863.76
45.1991
3179.97
2443.53
54.9029
24412
27828.9
1672.65
6531.82
633.491
1858.27
1858.06
54.5686
44.3305
3870.29
11300.4
1802.21
27300.4
46.856
173.685
3441.9
1559.46
45.5695
1035.28
50.0912
44.2076
16550.1
113.638
1163.66
42.0941
1780.96
46.4895
261.809
45.6831
1706.34
201.465
43.6118
45.783
2532.04
22895.2
1259.1
50.3769
723.924
210.308
44.9625
43.9896
43.7833
513.318
479.362
6189.1
47.663
43.3718
230.288
42.4818
2117.1
815.893
41.6438
125.129
3867.18
3370.16
43.6364
554.89
2105.56
1398.42
901.22
41.2287
960.937
2450.2
624.448
46.3426
209.078
46.7956
330.103
783.044
754.504
43.5044
2414.07
43.3049
42.8969
1980.5
26617.7
1610.38
56557.3
42.9663
2075.72
973.699
48.2854
6949.78
2412.83
42.7107
1885.4
41.2753
4898.49
12863.2
621.848
1036.79
912.713
1903.01
37.7721
918.337
17844.8
235.864
1946.33
811.849
915.04
1711.7
38128.5
1362.27
44.2209
61.4376
42.4935
